0001101101110101100110001110110100001000111001111000111010011100 000110010100111001110001111011010 111111111111111111111111111111111
1111010001010100100010101011110001101001100101111100111011110001 111011100000000010000100101000010 111111111111111111111111111111111
1101010110001100101100100010001001001011111000111001111000111110 111000000111101101010010110101100 111111111111111111111111111111111
1110111000110110000001100010111011100110001011001011101011001101 111010111110110011001100100000010 111111111111111111111111111111111
0000001101100001101011011000011001110010100000110000001011101001 011101001100110101010100101011110 111111111111111111111111111111111
1101100110001100001010111011100111100100001101111101010001101100 000010010101111110001110100110001 111111111111111111111111111111111
0000111100011100111110110010001000010010000101000110111001001010 001000001110011011100100000000100 111111111111111111111111111111111
0011011101101111101101001010111101110001100100100100110100100111 100110001011001000111110000010000 111111111111111111111111111111111
0111011010011000011001011010001110101110100111001001110111101101 110111011011001000011000101101010 111111111111111111111111111111111
0010101101001011100010111010100001001001000001110001111010000001 011000001010010101000000101110010 111111111111111111111111111111111
