11000010000110001001000100110000000100010001100110101101010100100 110100110011001000111110100000100 111111111111111111111111111111111
11110110001001000001101101011111111001101001100111101001101011001 110111001011111000000101000011001 111111111111111111111111111111111
01001101110100101111011111111111001011000001011111010001011110111 011110011110101011001001011110110 111111111111111111111111111111111
10100110001000111010011001100001110101000011000100011100101010110 011110100101010011000011000011001 111111111111111111111111111111111
01001000011100010011000010110100000011100000101001100101110110001 010101100111101110010110100011010 111111111111111111111111111111111
01000111010000110100010001001010001000011100011111011010001110000 011010010000101100011110100000100 111111111111111111111111111111111
10101000110000100010111001000011010011000000001100001101001101100 111101001100010100111011011110010 111111111111111111111111111111111
01100010111010100000011111010000111010001000110100000100100001000 010010110111011100001100010101001 111111111111111111111111111111111
11111010010011010101000111101110100001011001001110001110100001101 011111111110000011100000011101011 111111111111111111111111111111111
00110101101111010100010111111100011100101000111011110101001010100 101010000100110000111011001001100 111111111111111111111111111111111
